%{
Curos de MATLAB do NERO - UFV      21/10/2020
Módulo 2 - Aula 1
%}

A = [0 15 30; 50 60 70];
B = [0 15 30; 5 60 7];

A == [0 15 30; 5 60 7]

A==B

~(A==B)